"x"	"y"
1.025	4.94505494505494
1.075	0
1.125	0
1.175	0
1.225	0
1.275	0
1.325	0
1.375	0
1.425	0
1.475	0
1.525	0
1.575	0
1.625	0
1.675	0
1.725	0
1.775	0
1.825	0
1.875	0
1.925	0
1.975	3.28377504848094
2.025	0
2.075	0
2.125	0
2.175	0
2.225	0
2.275	0
2.325	0
2.375	0
2.425	0
2.475	0
2.525	0
2.575	0
2.625	0
2.675	0
2.725	0
2.775	0
2.825	0
2.875	0
2.925	0
2.975	1.69360051712993
3.025	0
3.075	0
3.125	0
3.175	0
3.225	0
3.275	0
3.325	0
3.375	0
3.425	0
3.475	0
3.525	0
3.575	0
3.625	0
3.675	0
3.725	0
3.775	0
3.825	0
3.875	0
3.925	0
3.975	1.44796380090498
4.025	0
4.075	0
4.125	0
4.175	0
4.225	0
4.275	0
4.325	0
4.375	0
4.425	0
4.475	0
4.525	0
4.575	0
4.625	0
4.675	0
4.725	0
4.775	0
4.825	0
4.875	0
4.925	0
4.975	0.98254686489981
5.025	0
5.075	0
5.125	0
5.175	0
5.225	0
5.275	0
5.325	0
5.375	0
5.425	0
5.475	0
5.525	0
5.575	0
5.625	0
5.675	0
5.725	0
5.775	0
5.825	0
5.875	0
5.925	0
5.975	0.820943762120236
6.025	0
6.075	0
6.125	0
6.175	0
6.225	0
6.275	0
6.325	0
6.375	0
6.425	0
6.475	0
6.525	0
6.575	0
6.625	0
6.675	0
6.725	0
6.775	0
6.825	0
6.875	0
6.925	0
6.975	0.691661279896576
7.025	0
7.075	0
7.125	0
7.175	0
7.225	0
7.275	0
7.325	0
7.375	0
7.425	0
7.475	0
7.525	0
7.575	0
7.625	0
7.675	0
7.725	0
7.775	0
7.825	0
7.875	0
7.925	0
7.975	0.601163542340015
8.025	0
8.075	0
8.125	0
8.175	0
8.225	0
8.275	0
8.325	0
8.375	0
8.425	0
8.475	0
8.525	0
8.575	0
8.625	0
8.675	0
8.725	0
8.775	0
8.825	0
8.875	0
8.925	0
8.975	0.510665804783445
9.025	0
9.075	0
9.125	0
9.175	0
9.225	0
9.275	0
9.325	0
9.375	0
9.425	0
9.475	0
9.525	0
9.575	0
9.625	0
9.675	0
9.725	0
9.775	0
9.825	0
9.875	0
9.925	0
9.975	0.400775694893351
10.025	0
10.075	0
10.125	0
10.175	0
10.225	0
10.275	0
10.325	0
10.375	0
10.425	0
10.475	0
10.525	0
10.575	0
10.625	0
10.675	0
10.725	0
10.775	0
10.825	0
10.875	0
10.925	0
10.975	0.407239819004534
11.025	0
11.075	0
11.125	0
11.175	0
11.225	0
11.275	0
11.325	0
11.375	0
11.425	0
11.475	0
11.525	0
11.575	0
11.625	0
11.675	0
11.725	0
11.775	0
11.825	0
11.875	0
11.925	0
11.975	0.33613445378152
12.025	0
12.075	0
12.125	0
12.175	0
12.225	0
12.275	0
12.325	0
12.375	0
12.425	0
12.475	0
12.525	0
12.575	0
12.625	0
12.675	0
12.725	0
12.775	0
12.825	0
12.875	0
12.925	0
12.975	0.219780219780224
13.025	0
13.075	0
13.125	0
13.175	0
13.225	0
13.275	0
13.325	0
13.375	0
13.425	0
13.475	0
13.525	0
13.575	0
13.625	0
13.675	0
13.725	0
13.775	0
13.825	0
13.875	0
13.925	0
13.975	0.297349709114421
14.025	0
14.075	0
14.125	0
14.175	0
14.225	0
14.275	0
14.325	0
14.375	0
14.425	0
14.475	0
14.525	0
14.575	0
14.625	0
14.675	0
14.725	0
14.775	0
14.825	0
14.875	0
14.925	0
14.975	0.25210084033614
15.025	0
15.075	0
15.125	0
15.175	0
15.225	0
15.275	0
15.325	0
15.375	0
15.425	0
15.475	0
15.525	0
15.575	0
15.625	0
15.675	0
15.725	0
15.775	0
15.825	0
15.875	0
15.925	0
15.975	0.206851971557858
16.025	0
16.075	0
16.125	0
16.175	0
16.225	0
16.275	0
16.325	0
16.375	0
16.425	0
16.475	0
16.525	0
16.575	0
16.625	0
16.675	0
16.725	0
16.775	0
16.825	0
16.875	0
16.925	0
16.975	0.174531351001949
17.025	0
17.075	0
17.125	0
17.175	0
17.225	0
17.275	0
17.325	0
17.375	0
17.425	0
17.475	0
17.525	0
17.575	0
17.625	0
17.675	0
17.725	0
17.775	0
17.825	0
17.875	0
17.925	0
17.975	0.168067226890754
18.025	0
18.075	0
18.125	0
18.175	0
18.225	0
18.275	0
18.325	0
18.375	0
18.425	0
18.475	0
18.525	0
18.575	0
18.625	0
18.675	0
18.725	0
18.775	0
18.825	0
18.875	0
18.925	0
18.975	0.129282482223657
19.025	0
19.075	0
19.125	0
19.175	0
19.225	0
19.275	0
19.325	0
19.375	0
19.425	0
19.475	0
19.525	0
19.575	0
19.625	0
19.675	0
19.725	0
19.775	0
19.825	0
19.875	0
19.925	0
19.975	0.187459599224302
20.025	0
20.075	0
20.125	0
20.175	0
20.225	0
20.275	0
20.325	0
20.375	0
20.425	0
20.475	0
20.525	0
20.575	0
20.625	0
20.675	0
20.725	0
20.775	0
20.825	0
20.875	0
20.925	0
20.975	0.161603102779583
21.025	0
21.075	0
21.125	0
21.175	0
21.225	0
21.275	0
21.325	0
21.375	0
21.425	0
21.475	0
21.525	0
21.575	0
21.625	0
21.675	0
21.725	0
21.775	0
21.825	0
21.875	0
21.925	0
21.975	0.0969618616677495
22.025	0
22.075	0
22.125	0
22.175	0
22.225	0
22.275	0
22.325	0
22.375	0
22.425	0
22.475	0
22.525	0
22.575	0
22.625	0
22.675	0
22.725	0
22.775	0
22.825	0
22.875	0
22.925	0
22.975	0.142210730446033
23.025	0
23.075	0
23.125	0
23.175	0
23.225	0
23.275	0
23.325	0
23.375	0
23.425	0
23.475	0
23.525	0
23.575	0
23.625	0
23.675	0
23.725	0
23.775	0
23.825	0
23.875	0
23.925	0
23.975	0.122818358112483
24.025	0
24.075	0
24.125	0
24.175	0
24.225	0
24.275	0
24.325	0
24.375	0
24.425	0
24.475	0
24.525	0
24.575	0
24.625	0
24.675	0
24.725	0
24.775	0
24.825	0
24.875	0
24.925	0
24.975	0.122818358112483
25.025	0
25.075	0
25.125	0
25.175	0
25.225	0
25.275	0
25.325	0
25.375	0
25.425	0
25.475	0
25.525	0
25.575	0
25.625	0
25.675	0
25.725	0
25.775	0
25.825	0
25.875	0
25.925	0
25.975	0.0840336134453829
26.025	0
26.075	0
26.125	0
26.175	0
26.225	0
26.275	0
26.325	0
26.375	0
26.425	0
26.475	0
26.525	0
26.575	0
26.625	0
26.675	0
26.725	0
26.775	0
26.825	0
26.875	0
26.925	0
26.975	0.0904977375565662
27.025	0
27.075	0
27.125	0
27.175	0
27.225	0
27.275	0
27.325	0
27.375	0
27.425	0
27.475	0
27.525	0
27.575	0
27.625	0
27.675	0
27.725	0
27.775	0
27.825	0
27.875	0
27.925	0
27.975	0.0517129928894664
28.025	0
28.075	0
28.125	0
28.175	0
28.225	0
28.275	0
28.325	0
28.375	0
28.425	0
28.475	0
28.525	0
28.575	0
28.625	0
28.675	0
28.725	0
28.775	0
28.825	0
28.875	0
28.925	0
28.975	0.0387847446670998
29.025	0
29.075	0
29.125	0
29.175	0
29.225	0
29.275	0
29.325	0
29.375	0
29.425	0
29.475	0
29.525	0
29.575	0
29.625	0
29.675	0
29.725	0
29.775	0
29.825	0
29.875	0
29.925	0
29.975	0.0323206205559165
30.025	0
30.075	0
30.125	0
30.175	0
30.225	0
30.275	0
30.325	0
30.375	0
30.425	0
30.475	0
30.525	0
30.575	0
30.625	0
30.675	0
30.725	0
30.775	0
30.825	0
30.875	0
30.925	0
30.975	0.064641241111833
31.025	0
31.075	0
31.125	0
31.175	0
31.225	0
31.275	0
31.325	0
31.375	0
31.425	0
31.475	0
31.525	0
31.575	0
31.625	0
31.675	0
31.725	0
31.775	0
31.825	0
31.875	0
31.925	0
31.975	0.0452488687782831
32.025	0
32.075	0
32.125	0
32.175	0
32.225	0
32.275	0
32.325	0
32.375	0
32.425	0
32.475	0
32.525	0
32.575	0
32.625	0
32.675	0
32.725	0
32.775	0
32.825	0
32.875	0
32.925	0
32.975	0.0452488687782831
33.025	0
33.075	0
33.125	0
33.175	0
33.225	0
33.275	0
33.325	0
33.375	0
33.425	0
33.475	0
33.525	0
33.575	0
33.625	0
33.675	0
33.725	0
33.775	0
33.825	0
33.875	0
33.925	0
33.975	0.0517129928894664
34.025	0
34.075	0
34.125	0
34.175	0
34.225	0
34.275	0
34.325	0
34.375	0
34.425	0
34.475	0
34.525	0
34.575	0
34.625	0
34.675	0
34.725	0
34.775	0
34.825	0
34.875	0
34.925	0
34.975	0.0258564964447332
35.025	0
35.075	0
35.125	0
35.175	0
35.225	0
35.275	0
35.325	0
35.375	0
35.425	0
35.475	0
35.525	0
35.575	0
35.625	0
35.675	0
35.725	0
35.775	0
35.825	0
35.875	0
35.925	0
35.975	0.0193923723335499
36.025	0
36.075	0
36.125	0
36.175	0
36.225	0
36.275	0
36.325	0
36.375	0
36.425	0
36.475	0
36.525	0
36.575	0
36.625	0
36.675	0
36.725	0
36.775	0
36.825	0
36.875	0
36.925	0
36.975	0.0323206205559165
37.025	0
37.075	0
37.125	0
37.175	0
37.225	0
37.275	0
37.325	0
37.375	0
37.425	0
37.475	0
37.525	0
37.575	0
37.625	0
37.675	0
37.725	0
37.775	0
37.825	0
37.875	0
37.925	0
37.975	0.0193923723335499
38.025	0
38.075	0
38.125	0
38.175	0
38.225	0
38.275	0
38.325	0
38.375	0
38.425	0
38.475	0
38.525	0
38.575	0
38.625	0
38.675	0
38.725	0
38.775	0
38.825	0
38.875	0
38.925	0
38.975	0.0517129928894664
39.025	0
39.075	0
39.125	0
39.175	0
39.225	0
39.275	0
39.325	0
39.375	0
39.425	0
39.475	0
39.525	0
39.575	0
39.625	0
39.675	0
39.725	0
39.775	0
39.825	0
39.875	0
39.925	0
39.975	0.0387847446670998
40.025	0
40.075	0
40.125	0
40.175	0
40.225	0
40.275	0
40.325	0
40.375	0
40.425	0
40.475	0
40.525	0
40.575	0
40.625	0
40.675	0
40.725	0
40.775	0
40.825	0
40.875	0
40.925	0
40.975	0.0323206205559165
41.025	0
41.075	0
41.125	0
41.175	0
41.225	0
41.275	0
41.325	0
41.375	0
41.425	0
41.475	0
41.525	0
41.575	0
41.625	0
41.675	0
41.725	0
41.775	0
41.825	0
41.875	0
41.925	0
41.975	0.0517129928894664
42.025	0
42.075	0
42.125	0
42.175	0
42.225	0
42.275	0
42.325	0
42.375	0
42.425	0
42.475	0
42.525	0
42.575	0
42.625	0
42.675	0
42.725	0
42.775	0
42.825	0
42.875	0
42.925	0
42.975	0.0323206205559165
43.025	0
43.075	0
43.125	0
43.175	0
43.225	0
43.275	0
43.325	0
43.375	0
43.425	0
43.475	0
43.525	0
43.575	0
43.625	0
43.675	0
43.725	0
43.775	0
43.825	0
43.875	0
43.925	0
43.975	0.064641241111833
44.025	0
44.075	0
44.125	0
44.175	0
44.225	0
44.275	0
44.325	0
44.375	0
44.425	0
44.475	0
44.525	0
44.575	0
44.625	0
44.675	0
44.725	0
44.775	0
44.825	0
44.875	0
44.925	0
44.975	0.0193923723335499
45.025	0
45.075	0
45.125	0
45.175	0
45.225	0
45.275	0
45.325	0
45.375	0
45.425	0
45.475	0
45.525	0
45.575	0
45.625	0
45.675	0
45.725	0
45.775	0
45.825	0
45.875	0
45.925	0
45.975	0.0387847446670998
46.025	0
46.075	0
46.125	0
46.175	0
46.225	0
46.275	0
46.325	0
46.375	0
46.425	0
46.475	0
46.525	0
46.575	0
46.625	0
46.675	0
46.725	0
46.775	0
46.825	0
46.875	0
46.925	0
46.975	0.0064641241111833
47.025	0
47.075	0
47.125	0
47.175	0
47.225	0
47.275	0
47.325	0
47.375	0
47.425	0
47.475	0
47.525	0
47.575	0
47.625	0
47.675	0
47.725	0
47.775	0
47.825	0
47.875	0
47.925	0
47.975	0.0193923723335499
48.025	0
48.075	0
48.125	0
48.175	0
48.225	0
48.275	0
48.325	0
48.375	0
48.425	0
48.475	0
48.525	0
48.575	0
48.625	0
48.675	0
48.725	0
48.775	0
48.825	0
48.875	0
48.925	0
48.975	0.0323206205559165
49.025	0
49.075	0
49.125	0
49.175	0
49.225	0
49.275	0
49.325	0
49.375	0
49.425	0
49.475	0
49.525	0
49.575	0
49.625	0
49.675	0
49.725	0
49.775	0
49.825	0
49.875	0
49.925	0
49.975	0.0129282482223666
50.025	0
50.075	0
50.125	0
50.175	0
50.225	0
50.275	0
50.325	0
50.375	0
50.425	0
50.475	0
50.525	0
50.575	0
50.625	0
50.675	0
50.725	0
50.775	0
50.825	0
50.875	0
50.925	0
50.975	0.0323206205559165
51.025	0
51.075	0
51.125	0
51.175	0
51.225	0
51.275	0
51.325	0
51.375	0
51.425	0
51.475	0
51.525	0
51.575	0
51.625	0
51.675	0
51.725	0
51.775	0
51.825	0
51.875	0
51.925	0
51.975	0.0193923723335499
52.025	0
52.075	0
52.125	0
52.175	0
52.225	0
52.275	0
52.325	0
52.375	0
52.425	0
52.475	0
52.525	0
52.575	0
52.625	0
52.675	0
52.725	0
52.775	0
52.825	0
52.875	0
52.925	0
52.975	0.0129282482223666
53.025	0
53.075	0
53.125	0
53.175	0
53.225	0
53.275	0
53.325	0
53.375	0
53.425	0
53.475	0
53.525	0
53.575	0
53.625	0
53.675	0
53.725	0
53.775	0
53.825	0
53.875	0
53.925	0
53.975	0.0258564964447332
54.025	0
54.075	0
54.125	0
54.175	0
54.225	0
54.275	0
54.325	0
54.375	0
54.425	0
54.475	0
54.525	0
54.575	0
54.625	0
54.675	0
54.725	0
54.775	0
54.825	0
54.875	0
54.925	0
54.975	0.0129282482223666
55.025	0
55.075	0
55.125	0
55.175	0
55.225	0
55.275	0
55.325	0
55.375	0
55.425	0
55.475	0
55.525	0
55.575	0
55.625	0
55.675	0
55.725	0
55.775	0
55.825	0
55.875	0
55.925	0
55.975	0.0129282482223666
56.025	0
56.075	0
56.125	0
56.175	0
56.225	0
56.275	0
56.325	0
56.375	0
56.425	0
56.475	0
56.525	0
56.575	0
56.625	0
56.675	0
56.725	0
56.775	0
56.825	0
56.875	0
56.925	0
56.975	0.0129282482223666
57.025	0
57.075	0
57.125	0
57.175	0
57.225	0
57.275	0
57.325	0
57.375	0
57.425	0
57.475	0
57.525	0
57.575	0
57.625	0
57.675	0
57.725	0
57.775	0
57.825	0
57.875	0
57.925	0
57.975	0.0064641241111833
58.025	0
58.075	0
58.125	0
58.175	0
58.225	0
58.275	0
58.325	0
58.375	0
58.425	0
58.475	0
58.525	0
58.575	0
58.625	0
58.675	0
58.725	0
58.775	0
58.825	0
58.875	0
58.925	0
58.975	0.0129282482223666
59.025	0
59.075	0
59.125	0
59.175	0
59.225	0
59.275	0
59.325	0
59.375	0
59.425	0
59.475	0
59.525	0
59.575	0
59.625	0
59.675	0
59.725	0
59.775	0
59.825	0
59.875	0
59.925	0
59.975	0.0129282482223666
60.025	0
60.075	0
60.125	0
60.175	0
60.225	0
60.275	0
60.325	0
60.375	0
60.425	0
60.475	0
60.525	0
60.575	0
60.625	0
60.675	0
60.725	0
60.775	0
60.825	0
60.875	0
60.925	0
60.975	0.0064641241111833
61.025	0
61.075	0
61.125	0
61.175	0
61.225	0
61.275	0
61.325	0
61.375	0
61.425	0
61.475	0
61.525	0
61.575	0
61.625	0
61.675	0
61.725	0
61.775	0
61.825	0
61.875	0
61.925	0
61.975	0.0064641241111833
62.025	0
62.075	0
62.125	0
62.175	0
62.225	0
62.275	0
62.325	0
62.375	0
62.425	0
62.475	0
62.525	0
62.575	0
62.625	0
62.675	0
62.725	0
62.775	0
62.825	0
62.875	0
62.925	0
62.975	0.0064641241111833
63.025	0
63.075	0
63.125	0
63.175	0
63.225	0
63.275	0
63.325	0
63.375	0
63.425	0
63.475	0
63.525	0
63.575	0
63.625	0
63.675	0
63.725	0
63.775	0
63.825	0
63.875	0
63.925	0
63.975	0.0193923723335499
64.025	0
64.075	0
64.125	0
64.175	0
64.225	0
64.275	0
64.325	0
64.375	0
64.425	0
64.475	0
64.525	0
64.575	0
64.625	0
64.675	0
64.725	0
64.775	0
64.825	0
64.875	0
64.925	0
64.975	0.0129282482223666
65.025	0
65.075	0
65.125	0
65.175	0
65.225	0
65.275	0
65.325	0
65.375	0
65.425	0
65.475	0
65.525	0
65.575	0
65.625	0
65.675	0
65.725	0
65.775	0
65.825	0
65.875	0
65.925	0
65.975	0.0129282482223666
66.025	0
66.075	0
66.125	0
66.175	0
66.225	0
66.275	0
66.325	0
66.375	0
66.425	0
66.475	0
66.525	0
66.575	0
66.625	0
66.675	0
66.725	0
66.775	0
66.825	0
66.875	0
66.925	0
66.975	0.0193923723335499
67.025	0
67.075	0
67.125	0
67.175	0
67.225	0
67.275	0
67.325	0
67.375	0
67.425	0
67.475	0
67.525	0
67.575	0
67.625	0
67.675	0
67.725	0
67.775	0
67.825	0
67.875	0
67.925	0
67.975	0.0129282482223666
68.025	0
68.075	0
68.125	0
68.175	0
68.225	0
68.275	0
68.325	0
68.375	0
68.425	0
68.475	0
68.525	0
68.575	0
68.625	0
68.675	0
68.725	0
68.775	0
68.825	0
68.875	0
68.925	0
68.975	0.0064641241111833
69.025	0
69.075	0
69.125	0
69.175	0
69.225	0
69.275	0
69.325	0
69.375	0
69.425	0
69.475	0
69.525	0
69.575	0
69.625	0
69.675	0
69.725	0
69.775	0
69.825	0
69.875	0
69.925	0
69.975	0.0129282482223666
70.025	0
70.075	0
70.125	0
70.175	0
70.225	0
70.275	0
70.325	0
70.375	0
70.425	0
70.475	0
70.525	0
70.575	0
70.625	0
70.675	0
70.725	0
70.775	0
70.825	0
70.875	0
70.925	0
70.975	0
71.025	0
71.075	0
71.125	0
71.175	0
71.225	0
71.275	0
71.325	0
71.375	0
71.425	0
71.475	0
71.525	0
71.575	0
71.625	0
71.675	0
71.725	0
71.775	0
71.825	0
71.875	0
71.925	0
71.975	0.0323206205559165
72.025	0
72.075	0
72.125	0
72.175	0
72.225	0
72.275	0
72.325	0
72.375	0
72.425	0
72.475	0
72.525	0
72.575	0
72.625	0
72.675	0
72.725	0
72.775	0
72.825	0
72.875	0
72.925	0
72.975	0
73.025	0
73.075	0
73.125	0
73.175	0
73.225	0
73.275	0
73.325	0
73.375	0
73.425	0
73.475	0
73.525	0
73.575	0
73.625	0
73.675	0
73.725	0
73.775	0
73.825	0
73.875	0
73.925	0
73.975	0.0129282482223666
74.025	0
74.075	0
74.125	0
74.175	0
74.225	0
74.275	0
74.325	0
74.375	0
74.425	0
74.475	0
74.525	0
74.575	0
74.625	0
74.675	0
74.725	0
74.775	0
74.825	0
74.875	0
74.925	0
74.975	0.0129282482223666
75.025	0
75.075	0
75.125	0
75.175	0
75.225	0
75.275	0
75.325	0
75.375	0
75.425	0
75.475	0
75.525	0
75.575	0
75.625	0
75.675	0
75.725	0
75.775	0
75.825	0
75.875	0
75.925	0
75.975	0.0129282482223666
76.025	0
76.075	0
76.125	0
76.175	0
76.225	0
76.275	0
76.325	0
76.375	0
76.425	0
76.475	0
76.525	0
76.575	0
76.625	0
76.675	0
76.725	0
76.775	0
76.825	0
76.875	0
76.925	0
76.975	0.0064641241111833
77.025	0
77.075	0
77.125	0
77.175	0
77.225	0
77.275	0
77.325	0
77.375	0
77.425	0
77.475	0
77.525	0
77.575	0
77.625	0
77.675	0
77.725	0
77.775	0
77.825	0
77.875	0
77.925	0
77.975	0.0064641241111833
78.025	0
78.075	0
78.125	0
78.175	0
78.225	0
78.275	0
78.325	0
78.375	0
78.425	0
78.475	0
78.525	0
78.575	0
78.625	0
78.675	0
78.725	0
78.775	0
78.825	0
78.875	0
78.925	0
78.975	0.0064641241111833
79.025	0
79.075	0
79.125	0
79.175	0
79.225	0
79.275	0
79.325	0
79.375	0
79.425	0
79.475	0
79.525	0
79.575	0
79.625	0
79.675	0
79.725	0
79.775	0
79.825	0
79.875	0
79.925	0
79.975	0.0064641241111833
80.025	0
80.075	0
80.125	0
80.175	0
80.225	0
80.275	0
80.325	0
80.375	0
80.425	0
80.475	0
80.525	0
80.575	0
80.625	0
80.675	0
80.725	0
80.775	0
80.825	0
80.875	0
80.925	0
80.975	0
81.025	0
81.075	0
81.125	0
81.175	0
81.225	0
81.275	0
81.325	0
81.375	0
81.425	0
81.475	0
81.525	0
81.575	0
81.625	0
81.675	0
81.725	0
81.775	0
81.825	0
81.875	0
81.925	0
81.975	0.0064641241111833
82.025	0
82.075	0
82.125	0
82.175	0
82.225	0
82.275	0
82.325	0
82.375	0
82.425	0
82.475	0
82.525	0
82.575	0
82.625	0
82.675	0
82.725	0
82.775	0
82.825	0
82.875	0
82.925	0
82.975	0.0064641241111833
83.025	0
83.075	0
83.125	0
83.175	0
83.225	0
83.275	0
83.325	0
83.375	0
83.425	0
83.475	0
83.525	0
83.575	0
83.625	0
83.675	0
83.725	0
83.775	0
83.825	0
83.875	0
83.925	0
83.975	0.0064641241111833
84.025	0
84.075	0
84.125	0
84.175	0
84.225	0
84.275	0
84.325	0
84.375	0
84.425	0
84.475	0
84.525	0
84.575	0
84.625	0
84.675	0
84.725	0
84.775	0
84.825	0
84.875	0
84.925	0
84.975	0.0064641241111833
85.025	0
85.075	0
85.125	0
85.175	0
85.225	0
85.275	0
85.325	0
85.375	0
85.425	0
85.475	0
85.525	0
85.575	0
85.625	0
85.675	0
85.725	0
85.775	0
85.825	0
85.875	0
85.925	0
85.975	0.0129282482223666
86.025	0
86.075	0
86.125	0
86.175	0
86.225	0
86.275	0
86.325	0
86.375	0
86.425	0
86.475	0
86.525	0
86.575	0
86.625	0
86.675	0
86.725	0
86.775	0
86.825	0
86.875	0
86.925	0
86.975	0
87.025	0
87.075	0
87.125	0
87.175	0
87.225	0
87.275	0
87.325	0
87.375	0
87.425	0
87.475	0
87.525	0
87.575	0
87.625	0
87.675	0
87.725	0
87.775	0
87.825	0
87.875	0
87.925	0
87.975	0
88.025	0
88.075	0
88.125	0
88.175	0
88.225	0
88.275	0
88.325	0
88.375	0
88.425	0
88.475	0
88.525	0
88.575	0
88.625	0
88.675	0
88.725	0
88.775	0
88.825	0
88.875	0
88.925	0
88.975	0
89.025	0
89.075	0
89.125	0
89.175	0
89.225	0
89.275	0
89.325	0
89.375	0
89.425	0
89.475	0
89.525	0
89.575	0
89.625	0
89.675	0
89.725	0
89.775	0
89.825	0
89.875	0
89.925	0
89.975	0
90.025	0
90.075	0
90.125	0
90.175	0
90.225	0
90.275	0
90.325	0
90.375	0
90.425	0
90.475	0
90.525	0
90.575	0
90.625	0
90.675	0
90.725	0
90.775	0
90.825	0
90.875	0
90.925	0
90.975	0
91.025	0
91.075	0
91.125	0
91.175	0
91.225	0
91.275	0
91.325	0
91.375	0
91.425	0
91.475	0
91.525	0
91.575	0
91.625	0
91.675	0
91.725	0
91.775	0
91.825	0
91.875	0
91.925	0
91.975	0.0064641241111833
92.025	0
92.075	0
92.125	0
92.175	0
92.225	0
92.275	0
92.325	0
92.375	0
92.425	0
92.475	0
92.525	0
92.575	0
92.625	0
92.675	0
92.725	0
92.775	0
92.825	0
92.875	0
92.925	0
92.975	0.0064641241111833
93.025	0
93.075	0
93.125	0
93.175	0
93.225	0
93.275	0
93.325	0
93.375	0
93.425	0
93.475	0
93.525	0
93.575	0
93.625	0
93.675	0
93.725	0
93.775	0
93.825	0
93.875	0
93.925	0
93.975	0.0193923723335499
94.025	0
94.075	0
94.125	0
94.175	0
94.225	0
94.275	0
94.325	0
94.375	0
94.425	0
94.475	0
94.525	0
94.575	0
94.625	0
94.675	0
94.725	0
94.775	0
94.825	0
94.875	0
94.925	0
94.975	0.0129282482223666
95.025	0
95.075	0
95.125	0
95.175	0
95.225	0
95.275	0
95.325	0
95.375	0
95.425	0
95.475	0
95.525	0
95.575	0
95.625	0
95.675	0
95.725	0
95.775	0
95.825	0
95.875	0
95.925	0
95.975	0.0064641241111833
96.025	0
96.075	0
96.125	0
96.175	0
96.225	0
96.275	0
96.325	0
96.375	0
96.425	0
96.475	0
96.525	0
96.575	0
96.625	0
96.675	0
96.725	0
96.775	0
96.825	0
96.875	0
96.925	0
96.975	0.0129282482223666
97.025	0
97.075	0
97.125	0
97.175	0
97.225	0
97.275	0
97.325	0
97.375	0
97.425	0
97.475	0
97.525	0
97.575	0
97.625	0
97.675	0
97.725	0
97.775	0
97.825	0
97.875	0
97.925	0
97.975	0
98.025	0
98.075	0
98.125	0
98.175	0
98.225	0
98.275	0
98.325	0
98.375	0
98.425	0
98.475	0
98.525	0
98.575	0
98.625	0
98.675	0
98.725	0
98.775	0
98.825	0
98.875	0
98.925	0
98.975	0.0064641241111833
99.025	0
99.075	0
99.125	0
99.175	0
99.225	0
99.275	0
99.325	0
99.375	0
99.425	0
99.475	0
99.525	0
99.575	0
99.625	0
99.675	0
99.725	0
99.775	0
99.825	0
99.875	0
99.925	0
99.975	0.0064641241111833
100.025	0
100.075	0
100.125	0
100.175	0
100.225	0
100.275	0
100.325	0
100.375	0
100.425	0
100.475	0
100.525	0
100.575	0
100.625	0
100.675	0
100.725	0
100.775	0
100.825	0
100.875	0
100.925	0
100.975	0.0064641241111833
101.025	0
101.075	0
101.125	0
101.175	0
101.225	0
101.275	0
101.325	0
101.375	0
101.425	0
101.475	0
101.525	0
101.575	0
101.625	0
101.675	0
101.725	0
101.775	0
101.825	0
101.875	0
101.925	0
101.975	0
102.025	0
102.075	0
102.125	0
102.175	0
102.225	0
102.275	0
102.325	0
102.375	0
102.425	0
102.475	0
102.525	0
102.575	0
102.625	0
102.675	0
102.725	0
102.775	0
102.825	0
102.875	0
102.925	0
102.975	0
103.025	0
103.075	0
103.125	0
103.175	0
103.225	0
103.275	0
103.325	0
103.375	0
103.425	0
103.475	0
103.525	0
103.575	0
103.625	0
103.675	0
103.725	0
103.775	0
103.825	0
103.875	0
103.925	0
103.975	0
104.025	0
104.075	0
104.125	0
104.175	0
104.225	0
104.275	0
104.325	0
104.375	0
104.425	0
104.475	0
104.525	0
104.575	0
104.625	0
104.675	0
104.725	0
104.775	0
104.825	0
104.875	0
104.925	0
104.975	0.0064641241111833
105.025	0
105.075	0
105.125	0
105.175	0
105.225	0
105.275	0
105.325	0
105.375	0
105.425	0
105.475	0
105.525	0
105.575	0
105.625	0
105.675	0
105.725	0
105.775	0
105.825	0
105.875	0
105.925	0
105.975	0
106.025	0
106.075	0
106.125	0
106.175	0
106.225	0
106.275	0
106.325	0
106.375	0
106.425	0
106.475	0
106.525	0
106.575	0
106.625	0
106.675	0
106.725	0
106.775	0
106.825	0
106.875	0
106.925	0
106.975	0.0064641241111833
107.025	0
107.075	0
107.125	0
107.175	0
107.225	0
107.275	0
107.325	0
107.375	0
107.425	0
107.475	0
107.525	0
107.575	0
107.625	0
107.675	0
107.725	0
107.775	0
107.825	0
107.875	0
107.925	0
107.975	0
108.025	0
108.075	0
108.125	0
108.175	0
108.225	0
108.275	0
108.325	0
108.375	0
108.425	0
108.475	0
108.525	0
108.575	0
108.625	0
108.675	0
108.725	0
108.775	0
108.825	0
108.875	0
108.925	0
108.975	0
109.025	0
109.075	0
109.125	0
109.175	0
109.225	0
109.275	0
109.325	0
109.375	0
109.425	0
109.475	0
109.525	0
109.575	0
109.625	0
109.675	0
109.725	0
109.775	0
109.825	0
109.875	0
109.925	0
109.975	0
110.025	0
110.075	0
110.125	0
110.175	0
110.225	0
110.275	0
110.325	0
110.375	0
110.425	0
110.475	0
110.525	0
110.575	0
110.625	0
110.675	0
110.725	0
110.775	0
110.825	0
110.875	0
110.925	0
110.975	0
111.025	0
111.075	0
111.125	0
111.175	0
111.225	0
111.275	0
111.325	0
111.375	0
111.425	0
111.475	0
111.525	0
111.575	0
111.625	0
111.675	0
111.725	0
111.775	0
111.825	0
111.875	0
111.925	0
111.975	0
112.025	0
112.075	0
112.125	0
112.175	0
112.225	0
112.275	0
112.325	0
112.375	0
112.425	0
112.475	0
112.525	0
112.575	0
112.625	0
112.675	0
112.725	0
112.775	0
112.825	0
112.875	0
112.925	0
112.975	0.0064641241111833
113.025	0
113.075	0
113.125	0
113.175	0
113.225	0
113.275	0
113.325	0
113.375	0
113.425	0
113.475	0
113.525	0
113.575	0
113.625	0
113.675	0
113.725	0
113.775	0
113.825	0
113.875	0
113.925	0
113.975	0.0064641241111833
114.025	0
114.075	0
114.125	0
114.175	0
114.225	0
114.275	0
114.325	0
114.375	0
114.425	0
114.475	0
114.525	0
114.575	0
114.625	0
114.675	0
114.725	0
114.775	0
114.825	0
114.875	0
114.925	0
114.975	0.0064641241111833
115.025	0
115.075	0
115.125	0
115.175	0
115.225	0
115.275	0
115.325	0
115.375	0
115.425	0
115.475	0
115.525	0
115.575	0
115.625	0
115.675	0
115.725	0
115.775	0
115.825	0
115.875	0
115.925	0
115.975	0
116.025	0
116.075	0
116.125	0
116.175	0
116.225	0
116.275	0
116.325	0
116.375	0
116.425	0
116.475	0
116.525	0
116.575	0
116.625	0
116.675	0
116.725	0
116.775	0
116.825	0
116.875	0
116.925	0
116.975	0
117.025	0
117.075	0
117.125	0
117.175	0
117.225	0
117.275	0
117.325	0
117.375	0
117.425	0
117.475	0
117.525	0
117.575	0
117.625	0
117.675	0
117.725	0
117.775	0
117.825	0
117.875	0
117.925	0
117.975	0.0129282482223666
118.025	0
118.075	0
118.125	0
118.175	0
118.225	0
118.275	0
118.325	0
118.375	0
118.425	0
118.475	0
118.525	0
118.575	0
118.625	0
118.675	0
118.725	0
118.775	0
118.825	0
118.875	0
118.925	0
118.975	0.0064641241111833
119.025	0
119.075	0
119.125	0
119.175	0
119.225	0
119.275	0
119.325	0
119.375	0
119.425	0
119.475	0
119.525	0
119.575	0
119.625	0
119.675	0
119.725	0
119.775	0
119.825	0
119.875	0
119.925	0
119.975	0
120.025	0
120.075	0
120.125	0
120.175	0
120.225	0
120.275	0
120.325	0
120.375	0
120.425	0
120.475	0
120.525	0
120.575	0
120.625	0
120.675	0
120.725	0
120.775	0
120.825	0
120.875	0
120.925	0
120.975	0.0064641241111833
121.025	0
121.075	0
121.125	0
121.175	0
121.225	0
121.275	0
121.325	0
121.375	0
121.425	0
121.475	0
121.525	0
121.575	0
121.625	0
121.675	0
121.725	0
121.775	0
121.825	0
121.875	0
121.925	0
121.975	0.0064641241111833
122.025	0
122.075	0
122.125	0
122.175	0
122.225	0
122.275	0
122.325	0
122.375	0
122.425	0
122.475	0
122.525	0
122.575	0
122.625	0
122.675	0
122.725	0
122.775	0
122.825	0
122.875	0
122.925	0
122.975	0
123.025	0
123.075	0
123.125	0
123.175	0
123.225	0
123.275	0
123.325	0
123.375	0
123.425	0
123.475	0
123.525	0
123.575	0
123.625	0
123.675	0
123.725	0
123.775	0
123.825	0
123.875	0
123.925	0
123.975	0
124.025	0
124.075	0
124.125	0
124.175	0
124.225	0
124.275	0
124.325	0
124.375	0
124.425	0
124.475	0
124.525	0
124.575	0
124.625	0
124.675	0
124.725	0
124.775	0
124.825	0
124.875	0
124.925	0
124.975	0
125.025	0
125.075	0
125.125	0
125.175	0
125.225	0
125.275	0
125.325	0
125.375	0
125.425	0
125.475	0
125.525	0
125.575	0
125.625	0
125.675	0
125.725	0
125.775	0
125.825	0
125.875	0
125.925	0
125.975	0
126.025	0
126.075	0
126.125	0
126.175	0
126.225	0
126.275	0
126.325	0
126.375	0
126.425	0
126.475	0
126.525	0
126.575	0
126.625	0
126.675	0
126.725	0
126.775	0
126.825	0
126.875	0
126.925	0
126.975	0
127.025	0
127.075	0
127.125	0
127.175	0
127.225	0
127.275	0
127.325	0
127.375	0
127.425	0
127.475	0
127.525	0
127.575	0
127.625	0
127.675	0
127.725	0
127.775	0
127.825	0
127.875	0
127.925	0
127.975	0
128.025	0
128.075	0
128.125	0
128.175	0
128.225	0
128.275	0
128.325	0
128.375	0
128.425	0
128.475	0
128.525	0
128.575	0
128.625	0
128.675	0
128.725	0
128.775	0
128.825	0
128.875	0
128.925	0
128.975	0
129.025	0
129.075	0
129.125	0
129.175	0
129.225	0
129.275	0
129.325	0
129.375	0
129.425	0
129.475	0
129.525	0
129.575	0
129.625	0
129.675	0
129.725	0
129.775	0
129.825	0
129.875	0
129.925	0
129.975	0
130.025	0
130.075	0
130.125	0
130.175	0
130.225	0
130.275	0
130.325	0
130.375	0
130.425	0
130.475	0
130.525	0
130.575	0
130.625	0
130.675	0
130.725	0
130.775	0
130.825	0
130.875	0
130.925	0
130.975	0
131.025	0
131.075	0
131.125	0
131.175	0
131.225	0
131.275	0
131.325	0
131.375	0
131.425	0
131.475	0
131.525	0
131.575	0
131.625	0
131.675	0
131.725	0
131.775	0
131.825	0
131.875	0
131.925	0
131.975	0
132.025	0
132.075	0
132.125	0
132.175	0
132.225	0
132.275	0
132.325	0
132.375	0
132.425	0
132.475	0
132.525	0
132.575	0
132.625	0
132.675	0
132.725	0
132.775	0
132.825	0
132.875	0
132.925	0
132.975	0
133.025	0
133.075	0
133.125	0
133.175	0
133.225	0
133.275	0
133.325	0
133.375	0
133.425	0
133.475	0
133.525	0
133.575	0
133.625	0
133.675	0
133.725	0
133.775	0
133.825	0
133.875	0
133.925	0
133.975	0
134.025	0
134.075	0
134.125	0
134.175	0
134.225	0
134.275	0
134.325	0
134.375	0
134.425	0
134.475	0
134.525	0
134.575	0
134.625	0
134.675	0
134.725	0
134.775	0
134.825	0
134.875	0
134.925	0
134.975	0
135.025	0
135.075	0
135.125	0
135.175	0
135.225	0
135.275	0
135.325	0
135.375	0
135.425	0
135.475	0
135.525	0
135.575	0
135.625	0
135.675	0
135.725	0
135.775	0
135.825	0
135.875	0
135.925	0
135.975	0
136.025	0
136.075	0
136.125	0
136.175	0
136.225	0
136.275	0
136.325	0
136.375	0
136.425	0
136.475	0
136.525	0
136.575	0
136.625	0
136.675	0
136.725	0
136.775	0
136.825	0
136.875	0
136.925	0
136.975	0
137.025	0
137.075	0
137.125	0
137.175	0
137.225	0
137.275	0
137.325	0
137.375	0
137.425	0
137.475	0
137.525	0
137.575	0
137.625	0
137.675	0
137.725	0
137.775	0
137.825	0
137.875	0
137.925	0
137.975	0
138.025	0
138.075	0
138.125	0
138.175	0
138.225	0
138.275	0
138.325	0
138.375	0
138.425	0
138.475	0
138.525	0
138.575	0
138.625	0
138.675	0
138.725	0
138.775	0
138.825	0
138.875	0
138.925	0
138.975	0
139.025	0
139.075	0
139.125	0
139.175	0
139.225	0
139.275	0
139.325	0
139.375	0
139.425	0
139.475	0
139.525	0
139.575	0
139.625	0
139.675	0
139.725	0
139.775	0
139.825	0
139.875	0
139.925	0
139.975	0.00646412411118514
140.025	0
140.075	0
140.125	0
140.175	0
140.225	0
140.275	0
140.325	0
140.375	0
140.425	0
140.475	0
140.525	0
140.575	0
140.625	0
140.675	0
140.725	0
140.775	0
140.825	0
140.875	0
140.925	0
140.975	0
141.025	0
141.075	0
141.125	0
141.175	0
141.225	0
141.275	0
141.325	0
141.375	0
141.425	0
141.475	0
141.525	0
141.575	0
141.625	0
141.675	0
141.725	0
141.775	0
141.825	0
141.875	0
141.925	0
141.975	0
142.025	0
142.075	0
142.125	0
142.175	0
142.225	0
142.275	0
142.325	0
142.375	0
142.425	0
142.475	0
142.525	0
142.575	0
142.625	0
142.675	0
142.725	0
142.775	0
142.825	0
142.875	0
142.925	0
142.975	0
143.025	0
143.075	0
143.125	0
143.175	0
143.225	0
143.275	0
143.325	0
143.375	0
143.425	0
143.475	0
143.525	0
143.575	0
143.625	0
143.675	0
143.725	0
143.775	0
143.825	0
143.875	0
143.925	0
143.975	0.00646412411118514
144.025	0
144.075	0
144.125	0
144.175	0
144.225	0
144.275	0
144.325	0
144.375	0
144.425	0
144.475	0
144.525	0
144.575	0
144.625	0
144.675	0
144.725	0
144.775	0
144.825	0
144.875	0
144.925	0
144.975	0.00646412411118514
145.025	0
145.075	0
145.125	0
145.175	0
145.225	0
145.275	0
145.325	0
145.375	0
145.425	0
145.475	0
145.525	0
145.575	0
145.625	0
145.675	0
145.725	0
145.775	0
145.825	0
145.875	0
145.925	0
145.975	0
146.025	0
146.075	0
146.125	0
146.175	0
146.225	0
146.275	0
146.325	0
146.375	0
146.425	0
146.475	0
146.525	0
146.575	0
146.625	0
146.675	0
146.725	0
146.775	0
146.825	0
146.875	0
146.925	0
146.975	0
147.025	0
147.075	0
147.125	0
147.175	0
147.225	0
147.275	0
147.325	0
147.375	0
147.425	0
147.475	0
147.525	0
147.575	0
147.625	0
147.675	0
147.725	0
147.775	0
147.825	0
147.875	0
147.925	0
147.975	0
148.025	0
148.075	0
148.125	0
148.175	0
148.225	0
148.275	0
148.325	0
148.375	0
148.425	0
148.475	0
148.525	0
148.575	0
148.625	0
148.675	0
148.725	0
148.775	0
148.825	0
148.875	0
148.925	0
148.975	0
149.025	0
149.075	0
149.125	0
149.175	0
149.225	0
149.275	0
149.325	0
149.375	0
149.425	0
149.475	0
149.525	0
149.575	0
149.625	0
149.675	0
149.725	0
149.775	0
149.825	0
149.875	0
149.925	0
149.975	0
150.025	0
150.075	0
150.125	0
150.175	0
150.225	0
150.275	0
150.325	0
150.375	0
150.425	0
150.475	0
150.525	0
150.575	0
150.625	0
150.675	0
150.725	0
150.775	0
150.825	0
150.875	0
150.925	0
150.975	0
151.025	0
151.075	0
151.125	0
151.175	0
151.225	0
151.275	0
151.325	0
151.375	0
151.425	0
151.475	0
151.525	0
151.575	0
151.625	0
151.675	0
151.725	0
151.775	0
151.825	0
151.875	0
151.925	0
151.975	0
152.025	0
152.075	0
152.125	0
152.175	0
152.225	0
152.275	0
152.325	0
152.375	0
152.425	0
152.475	0
152.525	0
152.575	0
152.625	0
152.675	0
152.725	0
152.775	0
152.825	0
152.875	0
152.925	0
152.975	0.00646412411118514
153.025	0
153.075	0
153.125	0
153.175	0
153.225	0
153.275	0
153.325	0
153.375	0
153.425	0
153.475	0
153.525	0
153.575	0
153.625	0
153.675	0
153.725	0
153.775	0
153.825	0
153.875	0
153.925	0
153.975	0
154.025	0
154.075	0
154.125	0
154.175	0
154.225	0
154.275	0
154.325	0
154.375	0
154.425	0
154.475	0
154.525	0
154.575	0
154.625	0
154.675	0
154.725	0
154.775	0
154.825	0
154.875	0
154.925	0
154.975	0
155.025	0
155.075	0
155.125	0
155.175	0
155.225	0
155.275	0
155.325	0
155.375	0
155.425	0
155.475	0
155.525	0
155.575	0
155.625	0
155.675	0
155.725	0
155.775	0
155.825	0
155.875	0
155.925	0
155.975	0
156.025	0
156.075	0
156.125	0
156.175	0
156.225	0
156.275	0
156.325	0
156.375	0
156.425	0
156.475	0
156.525	0
156.575	0
156.625	0
156.675	0
156.725	0
156.775	0
156.825	0
156.875	0
156.925	0
156.975	0
157.025	0
157.075	0
157.125	0
157.175	0
157.225	0
157.275	0
157.325	0
157.375	0
157.425	0
157.475	0
157.525	0
157.575	0
157.625	0
157.675	0
157.725	0
157.775	0
157.825	0
157.875	0
157.925	0
157.975	0
158.025	0
158.075	0
158.125	0
158.175	0
158.225	0
158.275	0
158.325	0
158.375	0
158.425	0
158.475	0
158.525	0
158.575	0
158.625	0
158.675	0
158.725	0
158.775	0
158.825	0
158.875	0
158.925	0
158.975	0
159.025	0
159.075	0
159.125	0
159.175	0
159.225	0
159.275	0
159.325	0
159.375	0
159.425	0
159.475	0
159.525	0
159.575	0
159.625	0
159.675	0
159.725	0
159.775	0
159.825	0
159.875	0
159.925	0
159.975	0
160.025	0
160.075	0
160.125	0
160.175	0
160.225	0
160.275	0
160.325	0
160.375	0
160.425	0
160.475	0
160.525	0
160.575	0
160.625	0
160.675	0
160.725	0
160.775	0
160.825	0
160.875	0
160.925	0
160.975	0
161.025	0
161.075	0
161.125	0
161.175	0
161.225	0
161.275	0
161.325	0
161.375	0
161.425	0
161.475	0
161.525	0
161.575	0
161.625	0
161.675	0
161.725	0
161.775	0
161.825	0
161.875	0
161.925	0
161.975	0
162.025	0
162.075	0
162.125	0
162.175	0
162.225	0
162.275	0
162.325	0
162.375	0
162.425	0
162.475	0
162.525	0
162.575	0
162.625	0
162.675	0
162.725	0
162.775	0
162.825	0
162.875	0
162.925	0
162.975	0
163.025	0
163.075	0
163.125	0
163.175	0
163.225	0
163.275	0
163.325	0
163.375	0
163.425	0
163.475	0
163.525	0
163.575	0
163.625	0
163.675	0
163.725	0
163.775	0
163.825	0
163.875	0
163.925	0
163.975	0
164.025	0
164.075	0
164.125	0
164.175	0
164.225	0
164.275	0
164.325	0
164.375	0
164.425	0
164.475	0
164.525	0
164.575	0
164.625	0
164.675	0
164.725	0
164.775	0
164.825	0
164.875	0
164.925	0
164.975	0
165.025	0
165.075	0
165.125	0
165.175	0
165.225	0
165.275	0
165.325	0
165.375	0
165.425	0
165.475	0
165.525	0
165.575	0
165.625	0
165.675	0
165.725	0
165.775	0
165.825	0
165.875	0
165.925	0
165.975	0
166.025	0
166.075	0
166.125	0
166.175	0
166.225	0
166.275	0
166.325	0
166.375	0
166.425	0
166.475	0
166.525	0
166.575	0
166.625	0
166.675	0
166.725	0
166.775	0
166.825	0
166.875	0
166.925	0
166.975	0
167.025	0
167.075	0
167.125	0
167.175	0
167.225	0
167.275	0
167.325	0
167.375	0
167.425	0
167.475	0
167.525	0
167.575	0
167.625	0
167.675	0
167.725	0
167.775	0
167.825	0
167.875	0
167.925	0
167.975	0
168.025	0
168.075	0
168.125	0
168.175	0
168.225	0
168.275	0
168.325	0
168.375	0
168.425	0
168.475	0
168.525	0
168.575	0
168.625	0
168.675	0
168.725	0
168.775	0
168.825	0
168.875	0
168.925	0
168.975	0
169.025	0
169.075	0
169.125	0
169.175	0
169.225	0
169.275	0
169.325	0
169.375	0
169.425	0
169.475	0
169.525	0
169.575	0
169.625	0
169.675	0
169.725	0
169.775	0
169.825	0
169.875	0
169.925	0
169.975	0
170.025	0
170.075	0
170.125	0
170.175	0
170.225	0
170.275	0
170.325	0
170.375	0
170.425	0
170.475	0
170.525	0
170.575	0
170.625	0
170.675	0
170.725	0
170.775	0
170.825	0
170.875	0
170.925	0
170.975	0
171.025	0
171.075	0
171.125	0
171.175	0
171.225	0
171.275	0
171.325	0
171.375	0
171.425	0
171.475	0
171.525	0
171.575	0
171.625	0
171.675	0
171.725	0
171.775	0
171.825	0
171.875	0
171.925	0
171.975	0
172.025	0
172.075	0
172.125	0
172.175	0
172.225	0
172.275	0
172.325	0
172.375	0
172.425	0
172.475	0
172.525	0
172.575	0
172.625	0
172.675	0
172.725	0
172.775	0
172.825	0
172.875	0
172.925	0
172.975	0
173.025	0
173.075	0
173.125	0
173.175	0
173.225	0
173.275	0
173.325	0
173.375	0
173.425	0
173.475	0
173.525	0
173.575	0
173.625	0
173.675	0
173.725	0
173.775	0
173.825	0
173.875	0
173.925	0
173.975	0
174.025	0
174.075	0
174.125	0
174.175	0
174.225	0
174.275	0
174.325	0
174.375	0
174.425	0
174.475	0
174.525	0
174.575	0
174.625	0
174.675	0
174.725	0
174.775	0
174.825	0
174.875	0
174.925	0
174.975	0
175.025	0
175.075	0
175.125	0
175.175	0
175.225	0
175.275	0
175.325	0
175.375	0
175.425	0
175.475	0
175.525	0
175.575	0
175.625	0
175.675	0
175.725	0
175.775	0
175.825	0
175.875	0
175.925	0
175.975	0
176.025	0
176.075	0
176.125	0
176.175	0
176.225	0
176.275	0
176.325	0
176.375	0
176.425	0
176.475	0
176.525	0
176.575	0
176.625	0
176.675	0
176.725	0
176.775	0
176.825	0
176.875	0
176.925	0
176.975	0
177.025	0
177.075	0
177.125	0
177.175	0
177.225	0
177.275	0
177.325	0
177.375	0
177.425	0
177.475	0
177.525	0
177.575	0
177.625	0
177.675	0
177.725	0
177.775	0
177.825	0
177.875	0
177.925	0
177.975	0
178.025	0
178.075	0
178.125	0
178.175	0
178.225	0
178.275	0
178.325	0
178.375	0
178.425	0
178.475	0
178.525	0
178.575	0
178.625	0
178.675	0
178.725	0
178.775	0
178.825	0
178.875	0
178.925	0
178.975	0
179.025	0
179.075	0
179.125	0
179.175	0
179.225	0
179.275	0
179.325	0
179.375	0
179.425	0
179.475	0
179.525	0
179.575	0
179.625	0
179.675	0
179.725	0
179.775	0
179.825	0
179.875	0
179.925	0
179.975	0
180.025	0
180.075	0
180.125	0
180.175	0
180.225	0
180.275	0
180.325	0
180.375	0
180.425	0
180.475	0
180.525	0
180.575	0
180.625	0
180.675	0
180.725	0
180.775	0
180.825	0
180.875	0
180.925	0
180.975	0.00646412411118514
